88
-6908 -10000 -6907 10000
-4008 -10000 -4007 10000
-1171 -10000 -1170 10000
1332 -10000 1333 10000
4379 -10000 4380 10000
7112 -10000 7113 10000
-10000 -9862 10000 -9861
-10000 -9722 10000 -9721
-10000 -9339 10000 -9338
-10000 -9134 10000 -9133
-10000 -8784 10000 -8783
-10000 -8473 10000 -8472
-10000 -8424 10000 -8423
-10000 -8019 10000 -8018
-10000 -7817 10000 -7816
-10000 -7539 10000 -7538
-10000 -7199 10000 -7198
-10000 -6902 10000 -6901
-10000 -6636 10000 -6635
-10000 -6501 10000 -6500
-10000 -6268 10000 -6267
-10000 -5958 10000 -5957
-10000 -5532 10000 -5531
-10000 -5429 10000 -5428
-10000 -5234 10000 -5233
-10000 -4915 10000 -4914
-10000 -4749 10000 -4748
-10000 -4455 10000 -4454
-10000 -4111 10000 -4110
-10000 -3935 10000 -3934
-10000 -3688 10000 -3687
-10000 -3380 10000 -3379
-10000 -3200 10000 -3199
-10000 -2843 10000 -2842
-10000 -2700 10000 -2699
-10000 -2245 10000 -2244
-10000 -2019 10000 -2018
-10000 -1795 10000 -1794
-10000 -1595 10000 -1594
-10000 -1555 10000 -1554
-10000 -1327 10000 -1326
-10000 -982 10000 -981
-10000 -780 10000 -779
-10000 -570 10000 -569
-10000 -344 10000 -343
-10000 -218 10000 -217
-10000 -55 10000 -54
-10000 266 10000 267
-10000 303 10000 304
-10000 475 10000 476
-10000 705 10000 706
-10000 936 10000 937
-10000 1258 10000 1259
-10000 1574 10000 1575
-10000 1815 10000 1816
-10000 2028 10000 2029
-10000 2197 10000 2198
-10000 2327 10000 2328
-10000 2471 10000 2472
-10000 2721 10000 2722
-10000 2979 10000 2980
-10000 3209 10000 3210
-10000 3459 10000 3460
-10000 3597 10000 3598
-10000 3933 10000 3934
-10000 4332 10000 4333
-10000 4495 10000 4496
-10000 4842 10000 4843
-10000 4858 10000 4859
-10000 5061 10000 5062
-10000 5399 10000 5400
-10000 5612 10000 5613
-10000 5852 10000 5853
-10000 5863 10000 5864
-10000 6237 10000 6238
-10000 6545 10000 6546
-10000 6730 10000 6731
-10000 6983 10000 6984
-10000 7224 10000 7225
-10000 7530 10000 7531
-10000 7924 10000 7925
-10000 7998 10000 7999
-10000 8410 10000 8411
-10000 8673 10000 8674
-10000 8676 10000 8677
-10000 9107 10000 9108
-10000 9140 10000 9141
-10000 9461 10000 9462
